000000000000
000000000000
000000000001
000000000001
000000000010
000000000010
000000000010
000000000011
000000000011
000000000100
000000000100
000000000101
000000000101
000000000110
000000000111
000000000111
000000001000
000000001000
000000001001
000000001010
000000001010
000000001011
000000001100
000000001100
000000001100
000000001110
000000001110
000000001111
000000001111
000000010000
000000010001
000000010010
000000010010
000000010011
000000010100
000000010100
000000010101
000000010110
000000010111
000000011000
000000011000
000000011001
000000011010
000000011011
000000011100
000000011101
000000011101
000000011110
000000011111
000000100000
000000100001
000000100010
000000100011
000000100011
000000100100
000000100101
000000100110
000000100111
000000101000
000000101001
000000101001
000000101010
000000101011
000000101100
000000101101
000000101110
000000101111
000000110000
000000110001
000000110010
000000110010
000000110100
000000110101
000000110101
000000110111
000000111000
000000111000
000000111010
000000111011
000000111011
000000111100
000000111101
000000111110
000000111111
000001000000
000001000001
000001000010
000001000011
000001000100
000001000101
000001000110
000001000111
000001001000
000001001001
000001001010
000001001011
000001001100
000001001101
000001001110
000001001111
000001010000
000001010001
000001010010
000001010011
000001010100
000001010101
000001010110
000001010111
000001011000
000001011001
000001011010
000001011011
000001011100
000001011101
000001011110
000001011111
000001100000
000001100000
000001100010
000001100010
000001100011
000001100100
000001100101
000001100110
000001100111
000001101000
000001101001
000001101010
000001101011
000001101011
000001101100
000001101101
000001101110
000001101111
000001110000
000001110000
000001110001
000001110010
000001110011
000001110100
000001110101
000001110110
000001110110
000001110111
000001111000
000001111001
000001111010
000001111010
000001111011
000001111100
000001111101
000001111101
000001111110
000001111111
000001111111
000010000000
000010000001
000010000001
000010000010
000010000011
000010000011
000010000100
000010000101
000010000110
000010000110
000010000110
000010000111
000010001000
000010001001
000010001001
000010001001
000010001010
000010001011
000010001011
000010001100
000010001100
000010001101
000010001101
000010001110
000010001110
000010001111
000010001111
000010001111
000010010000
000010010000
000010010001
000010010001
000010010010
000010010010
000010010010
000010010011
000010010011
000010010100
000010010100
000010010100
000010010101
000010010101
000010010101
000010010101
000010010110
000010010110
000010010110
000010010110
000010010111
000010010111
000010010111
000010010111
000010011000
000010011000
000010011000
000010011000
000010011000
000010011000
000010011000
000010011000
000010011000
000010011001
000010011001
000010011001
000010011001
000010011001
000010011001
000010011001
000010011001
000010011001
000010011001
000010011001
000010011001
000010011001
000010011001
000010011001
000010011001
000010011001
000010011001
000010011001
000010011001
000010011001
000010011001
000010011000
000010011000
000010011000
000010011000
000010011000
000010011000
000010011000
000010011000
000010011000
000010010111
000010010111
000010010111
000010010111
000010010110
000010010110
000010010110
000010010110
000010010101
000010010101
000010010101
000010010101
000010010101
000010010101
000010010100
000010010100
000010010100
000010010011
000010010011
000010010011
000010010010
000010010010
000010010010
000010010010
000010010001
000010010001
000010010001
000010010000
000010010000
000010001111
000010001111
000010001111
000010001111
000010001110
000010001110
000010001101
000010001101
000010001100
000010001100
000010001100
000010001100
000010001011
000010001011
000010001010
000010001010
000010001001
000010001001
000010001001
000010001001
000010001000
000010001000
000010000111
000010000111
000010000110
000010000110
000010000110
000010000110
000010000101
000010000101
000010000100
000010000100
000010000011
000010000011
000010000011
000010000010
000010000010
000010000001
000010000001
000010000001
000010000000
000010000000
000010000000
000001111111
000001111111
000001111110
000001111110
000001111101
000001111101
000001111101
000001111100
000001111100
000001111100
000001111011
000001111011
000001111010
000001111010
000001111010
000001111001
000001111001
000001111001
000001111000
000001111000
000001110111
000001110111
000001110110
000001110110
000001110110
000001110101
000001110101
000001110101
000001110100
000001110100
000001110011
000001110011
000001110011
000001110010
000001110010
000001110001
000001110001
000001110001
000001110000
000001110000
000001110000
000001110000
000001101111
000001101111
000001101111
000001101110
000001101110
000001101110
000001101101
000001101101
000001101100
000001101100
000001101100
000001101011
000001101011
000001101011
000001101011
000001101010
000001101010
000001101001
000001101001
000001101001
000001101001
000001101000
000001101000
000001101000
000001100111
000001100111
000001100111
000001100111
000001100110
000001100110
000001100110
000001100101
000001100101
000001100101
000001100101
000001100100
000001100100
000001100100
000001100100
000001100100
000001100011
000001100011
000001100011
000001100011
000001100010
000001100010
000001100010
000001100010
000001100010
000001100010
000001100001
000001100001
000001100001
000001100001
000001100000
000001100000
000001100000
000001100000
000001100000
000001100000
000001100000
000001011111
000001011111
000001011111
000001011111
000001011111
000001011111
000001011111
000001011111
000001011110
000001011110
000001011110
000001011110
000001011110
000001011110
000001011110
000001011110
000001011110
000001011101
000001011101
000001011101
000001011101
000001011101
000001011101
000001011101
000001011101
000001011101
000001011101
000001011101
000001011101
000001011101
000001011101
000001011101
000001011101
000001011101
000001011101
000001011101
000001011101
000001011101
000001011101
000001011101
000001011101
000001011101
000001011101
000001011101
000001011101
000001011101
000001011101
000001011101
000001011101
000001011101
000001011101
000001011101
000001011101
000001011101
000001011101
000001011101
000001011101
000001011101
000001011101
000001011101
000001011101
000001011101
000001011101
000001011101
000001011101
000001011101
000001011101
000001011101
000001011101
000001011101
000001011110
000001011110
000001011110
000001011110
000001011110
000001011110
000001011110
000001011110
000001011110
000001011110
000001011110
000001011110
000001011110
000001011110
000001011110
000001011110
000001011110
000001011111
000001011111
000001011111
000001011111
000001011111
000001011111
000001011111
000001011111
000001011111
000001011111
000001011111
000001011111
000001011111
000001011111
000001011111
000001011111
000001011111
000001011111
000001011111
000001011111
000001011111
000001011111
000001011111
000001011111
000001011111
000001011111
000001011111
000001011111
000001011111
000001011111
000001011111
000001011111
000001011111
000001011111
000001011111
000001011111
000001011111
000001011111
000001011111
000001011111
000001011111
000001011111
000001011111
000001011111
000001011111
000001011111
000001011111
000001011111
000001011111
000001011111
000001011111
000001011111
000001011111
000001011111
000001011111
000001011111
000001011111
000001011111
000001011111
000001011111
000001011111
000001011111
000001011111
000001011111
000001011111
000001011111
000001011110
000001011110
000001011110
000001011110
000001011110
000001011110
000001011110
000001011110
000001011110
000001011110
000001011110
000001011110
000001011110
000001011110
000001011101
000001011101
000001011101
000001011101
000001011101
000001011101
000001011101
000001011101
000001011101
000001011101
000001011101
000001011101
000001011101
000001011100
000001011100
000001011100
000001011100
000001011100
000001011100
000001011100
000001011100
000001011100
000001011100
000001011100
000001011100
000001011100
000001011011
000001011011
000001011011
000001011011
000001011011
000001011011
000001011011
000001011011
000001011011
000001011011
000001011011
000001011011
000001011011
000001011010
000001011010
000001011010
000001011010
000001011010
000001011010
000001011010
000001011010
000001011010
000001011001
000001011001
000001011001
000001011001
000001011001
000001011001
000001011001
000001011001
000001011001
000001011001
000001011001
000001011001
000001011000
000001011000
000001011000
000001011000
000001011000
000001011000
000001011000
000001011000
000001011000
000001011000
000001011000
000001011000
000001011000
000001010111
000001010111
000001010111
000001010111
000001010111
000001010111
000001010111
000001010111
000001010111
000001010110
000001010110
000001010110
000001010110
000001010110
000001010110
000001010110
000001010110
000001010110
000001010110
000001010110
000001010110
000001010110
000001010101
000001010101
000001010101
000001010101
000001010101
000001010101
000001010101
000001010101
000001010101
000001010101
000001010101
000001010101
000001010101
000001010100
000001010100
000001010100
000001010100
000001010100
000001010100
000001010100
000001010100
000001010100
000001010011
000001010011
000001010011
000001010011
000001010011
000001010011
000001010011
000001010011
000001010011
000001010011
000001010011
000001010011
000001010011
000001010011
000001010011
000001010010
000001010010
000001010010
000001010010
000001010010
000001010010
000001010010
000001010010
000001010010
000001010001
000001010001
000001010001
000001010001
000001010001
000001010001
000001010001
000001010001
000001010000
000001010000
000001010000
000001010000
000001010000
000001010000
000001010000
000001010000
000001010000
000001010000
000001010000
000001010000
000001010000
000001010000
000001010000
000001001111
000001001111
000001001111
000001001111
000001001111
000001001111
000001001111
000001001111
000001001110
000001001110
000001001110
000001001110
000001001110
000001001110
000001001110
000001001101
000001001101
000001001101
000001001101
000001001101
000001001101
000001001101
000001001101
000001001101
000001001101
000001001101
000001001101
000001001101
000001001100
000001001100
000001001100
000001001100
000001001100
000001001100
000001001100
000001001011
000001001011
000001001011
000001001011
000001001011
000001001010
000001001010
000001001010
000001001010
000001001010
000001001010
000001001010
000001001010
000001001010
000001001010
000001001010
000001001010
000001001010
000001001010
000001001010
000001001010
000001001010
000001001001
000001001001
000001001001
000001001001
000001001001
000001001001
000001001001
000001001001
000001001001
000001001000
000001001000
000001001000
000001001000
000001001000
000001001000
000001001000
000001001000
000001001000
000001001000
000001001000
000001001000
000001001000
000001000111
000001000111
000001000111
000001000111
000001000111
000001000111
000001000111
000001000111
000001000111
000001000111
000001000111
000001000111
000001000110
000001000110
000001000110
000001000110
000001000110
000001000110
000001000110
000001000110
000001000101
000001000101
000001000101
000001000101
000001000101
000001000101
000001000101
000001000101
000001000101
000001000101
000001000101
000001000101
000001000101
000001000101
000001000101
000001000100
000001000100
000001000100
000001000100
000001000100
000001000100
000001000100
000001000100
000001000100
000001000100
000001000100
000001000100
000001000100
000001000100
000001000100
000001000011
000001000011
000001000011
000001000011
000001000011
000001000011
000001000011
000001000011
000001000011
000001000011
000001000011
000001000011
000001000010
000001000010
000001000010
000001000010
000001000010
000001000010
000001000010
000001000010
000001000010
000001000010
000001000010
000001000010
000001000010
000001000010
000001000010
000001000001
000001000001
000001000001
000001000001
000001000001
000001000001
000001000001
000001000001
000001000001
000001000001
000001000001
000001000001
000001000001
000001000001
000001000000
000001000000
000001000000
000001000000
000001000000
000001000000
000001000000
000001000000
000001000000
000001000000
000001000000
000001000000
000001000000
000001000000
000001000000
000000111111
000000111111
000000111111
000000111111
000000111111
000000111111
000000111111
000000111111
000000111111
000000111111
000000111111
000000111111
000000111110
000000111110
000000111110
000000111110
000000111110
000000111110
000000111110
000000111110
000000111110
000000111110
000000111110
000000111110
000000111110
000000111110
000000111110
000000111110
000000111101
000000111101
000000111101
000000111101
000000111101
000000111101
000000111101
000000111101
000000111101
000000111101
000000111101
000000111101
000000111101
000000111101
000000111101
000000111101
000000111100
000000111100
000000111100
000000111100
000000111100
000000111100
000000111100
000000111100
000000111100
000000111100
000000111100
000000111100
000000111100
000000111100
000000111100
000000111100
000000111100
000000111011
000000111011
000000111011
000000111011
000000111011
000000111011
000000111011
000000111011
000000111011
000000111011
000000111011
000000111011
000000111011
000000111011
000000111011
000000111011
000000111011
000000111011
000000111011
000000111010
000000111010
000000111010
000000111010
000000111010
000000111010
000000111010
000000111010
000000111010
000000111010
000000111010
000000111010
000000111010
000000111010
000000111010
000000111010
000000111010
000000111010
000000111010
000000111010
000000111010
000000111010
000000111001
000000111001
000000111001
000000111001
000000111001
000000111001
000000111001
000000111001
000000111001
000000111001
000000111001
000000111001
000000111001
000000111001
000000111001
000000111001
000000111001
000000111001
000000111001
000000111001
000000111001
000000111001
000000111001
000000111001
000000111001
000000111001
000000111001
000000111001
000000111001
000000111001
000000111001
000000111001
000000111001
000000111001
000000111001
000000111001
000000111001
000000111000
000000111000
000000111000
000000111000
000000111000
000000111000
000000111000
000000111000
000000111000
000000111000
000000111000
000000111000
000000111001
000000111001
000000111001
000000111001
000000111001
000000111001
000000111001
000000111001
000000111001
000000111001
000000111001
000000111001
000000111001
000000111001
000000111001
000000111001
000000111001
000000111001
000000111001
000000111001
000000111001
000000111001
000000111001
000000111001
000000111001
000000111001
000000111001
000000111001
000000111001
000000111001
000000111001
000000111001
000000111001
000000111001
000000111001
000000111001
000000111001
000000111001
000000111001
000000111001
000000111001
000000111001
000000111001
000000111001
000000111001
000000111001
000000111001
000000111001
000000111001
000000111001
000000111010
000000111010
000000111010
000000111010
000000111010
000000111010
000000111010
000000111010
000000111010
000000111010
000000111010
000000111010
000000111010
000000111010
000000111010
000000111010
000000111010
000000111010
000000111010
000000111010
000000111010
000000111010
000000111010
000000111010
000000111010
000000111010
000000111010
000000111010
000000111010
000000111010
000000111010
000000111010
000000111010
000000111010
000000111010
000000111010
000000111010
000000111010
000000111010
000000111010
000000111010
000000111010
000000111010
000000111010
000000111010
000000111010
000000111001
000000111001
000000111001
000000111001
000000111001
000000111001
000000111001
000000111001
000000111001
000000111001
000000111001
000000111001
000000111001
000000111001
000000111001
000000111001
000000111001
000000111001
000000111001
000000111001
000000111001
000000111001
000000111001
000000111001
000000111001
000000111001
000000111001
000000111001
000000111000
000000111000
000000111000
000000111000
000000111000
000000111000
000000111000
000000111000
000000111000
000000111000
000000111000
000000111000
000000111000
000000111000
000000111000
000000111000
000000111000
000000111000
000000111000
000000111000
000000111000
000000111000
000000111000
000000111000
000000111000
000000111000
000000111000
000000111000
000000111000
000000111000
000000111000
000000111000
000000111000
000000111000
000000111000
000000111000
000000111000
000000111000
000000111000
000000111000
000000111000
000000111000
000000110111
000000110111
000000110111
000000110111
000000110111
000000110111
000000110111
000000110111
000000110111
000000110111
000000110111
000000110111
000000110111
000000110111
000000110111
000000110110
000000110110
000000110110
000000110110
000000110110
000000110110
000000110110
000000110110
000000110101
000000110101
000000110101
000000110101
000000110101
000000110101
000000110101
000000110101
000000110101
000000110101
000000110101
000000110101
000000110101
000000110101
000000110101
000000110101
000000110101
000000110101
000000110101
000000110101
000000110101
000000110101
000000110101
000000110101
000000110101
000000110100
000000110100
000000110100
000000110100
000000110100
000000110100
000000110100
000000110100
000000110100
000000110100
000000110011
000000110011
000000110011
000000110011
000000110011
000000110011
000000110011
000000110010
000000110010
000000110010
000000110010
000000110010
000000110010
000000110010
000000110010
000000110010
000000110010
000000110010
000000110010
000000110010
000000110010
000000110010
000000110010
000000110010
000000110010
000000110001
000000110001
000000110001
000000110001
000000110001
000000110000
000000110000
000000110000
000000110000
000000110000
000000110000
000000110000
000000110000
000000110000
000000110000
000000101111
000000101111
000000101111
000000101111
000000101111
000000101111
000000101111
000000101111
000000101111
000000101111
000000101111
000000101111
000000101111
000000101110
000000101110
000000101110
000000101110
000000101110
000000101101
000000101101
000000101101
000000101101
000000101101
000000101101
000000101101
000000101101
000000101101
000000101101
000000101100
000000101100
000000101100
000000101100
000000101100
000000101100
000000101100
000000101100
000000101100
000000101100
000000101011
000000101011
000000101011
000000101011
000000101011
000000101011
000000101011
000000101011
000000101011
000000101011
000000101010
000000101010
000000101010
000000101010
000000101010
000000101010
000000101010
000000101010
000000101010
000000101001
000000101001
000000101001
000000101001
000000101001
000000101001
000000101001
000000101001
000000101001
000000101001
000000101001
000000101000
000000101000
000000101000
000000101000
000000101000
000000101000
000000101000
000000101000
000000101000
000000101000
000000101000
000000101000
000000100111
000000100111
000000100111
000000100111
000000100111
000000100111
000000100111
000000100111
000000100111
000000100111
000000100111
000000100110
000000100110
000000100110
000000100110
000000100110
000000100110
000000100110
000000100110
000000100110
000000100110
000000100110
000000100110
000000100101
000000100101
000000100101
000000100101
000000100101
000000100101
000000100101
000000100101
000000100101
000000100101
000000100100
000000100100
000000100100
000000100100
000000100100
000000100100
000000100100
000000100100
000000100100
000000100100
000000100100
000000100100
000000100100
000000100100
000000100100
000000100011
000000100011
000000100011
000000100011
000000100011
000000100011
000000100011
000000100011
000000100011
000000100011
000000100011
000000100011
000000100011
000000100011
000000100011
000000100010
000000100010
000000100010
000000100010
000000100010
000000100010
000000100010
000000100010
000000100010
000000100010
000000100010
000000100010
000000100010
000000100010
000000100010
000000100010
000000100010
000000100010
000000100001
000000100001
000000100001
000000100001
000000100001
000000100001
000000100001
000000100001
000000100001
000000100001
000000100001
000000100001
000000100000
000000100000
000000100000
000000100000
000000100000
000000100000
000000100000
000000100000
000000100000
000000100000
000000100000
000000100000
000000100000
000000100000
000000100000
000000100000
000000100000
000000100000
000000100000
000000100000
000000100000
000000100000
000000100000
000000100000
000000100000
000000100000
000000100000
000000100000
000000100000
000000100000
000000100000
000000100000
000000100000
000000100000
000000100000
000000100000
000000100000
000000100000
000000100000
000000100000
000000100000
000000100000
000000100000
000000100000
000000100000
000000100000
000000100000
000000100000
000000100000
000000100000
000000100000
000000100000
000000100000
000000100000
000000100000
000000100000
000000100000
000000100000
000000100000
000000100000
000000100000
000000100000
000000100000
000000100000
000000100000
000000100000
000000100000
000000100000
000000100000
000000100000
000000100000
000000100000
000000100000
000000100000
000000100000
000000100000
000000100000
000000100000
000000100000
000000100000
000000100000
000000100000
000000100000
000000100000
000000100000
000000100000
000000100000
000000100000
000000100000
000000100000
000000100000
000000100000
000000100000
000000100000
000000100000
000000100000
000000100000
000000100000
000000100000
000000100000
000000100000
000000100000
000000100000
000000100000
000000100000
000000100000
000000100000
000000100000
000000100000
000000100000
000000100000
000000100000
000000100000
000000011111
000000011111
000000011111
000000011111
000000011111
000000011111
000000011111
000000011111
000000011111
000000011111
000000011111
000000011111
000000011111
000000011111
000000011111
000000011111
000000011111
000000011111
000000011111
000000011111
000000011111
000000011111
000000011111
000000011111
000000011111
000000011111
000000011111
000000011111
000000011111
000000011111
000000011111
000000011111
000000011111
000000011111
000000011111
000000011111
000000011111
000000011111
000000011111
000000011111
000000011111
000000011111
000000011111
000000011111
000000011111
000000011111
000000011111
000000011111
000000011111
000000011111
000000011111
000000011111
000000011111
000000100000
000000100000
000000100000
000000100000
000000100000
000000100000
000000100000
000000100000
000000100000
000000100000
000000100000
000000100000
000000100000
000000100000
000000100000
000000100000
000000100000
000000100000
000000100000
000000100000
000000100000
000000100000
000000100000
000000100000
000000100000
000000100000
000000100000
000000100000
000000100000
000000100000
000000100000
000000100000
000000100000
000000100000
000000100000
000000100000
000000100000
000000100000
000000100000
000000100000
000000100000
000000100000
000000100000
000000100000
000000100000
000000100000
000000100000
000000100000
000000100000
000000100000
000000100000
000000100000
000000100000
000000100000
000000100000
000000100000
000000100000
000000100000
000000100000
000000100000
000000100000
000000100000
000000100000
000000100000
000000100000
000000100000
000000100000
000000100000
000000100000
000000100000
000000100000
000000100000
000000100000
000000100000
000000100000
000000100000
000000100000
000000100000
000000100000
000000100000
000000100000
000000100000
000000100000
000000100000
000000100000
000000100000
000000100000
000000100000
000000100000
000000100000
000000100000
000000100000
000000100000
000000100000
000000100000
000000100000
000000100000
000000100000
000000100000
000000100000
000000100000
000000100000
000000100000
000000100000
000000100000
000000100000
000000100000
000000100000
000000100000
000000100000
000000100000
000000100000
000000100000
000000100000
000000100001
000000100001
000000100001
000000100001
000000100001
000000100001
000000100001
000000100001
000000100001
000000100001
000000100001
000000100001
000000100001
000000100001
000000100001
000000100001
000000100010
000000100010
000000100010
000000100010
000000100010
000000100010
000000100010
000000100010
000000100010
000000100010
000000100010
000000100010
000000100010
000000100010
000000100010
000000100010
000000100010
000000100010
000000100010
000000100010
000000100011
000000100011
000000100011
000000100011
000000100011
000000100011
000000100011
000000100011
000000100011
000000100011
000000100011
000000100011
000000100011
000000100011
000000100100
000000100100
000000100100
000000100100
000000100100
000000100100
000000100100
000000100100
000000100100
000000100100
000000100100
000000100100
000000100100
000000100101
000000100101
000000100101
000000100101
000000100101
000000100101
000000100101
000000100101
000000100110
000000100110
000000100110
000000100110
000000100110
000000100110
000000100110
000000100110
000000100110
000000100111
000000100111
000000100111
000000100111
000000100111
000000100111
000000100111
000000101000
000000101000
000000101000
000000101000
000000101000
000000101000
000000101000
000000101000
000000101001
000000101001
000000101001
000000101001
000000101001
000000101001
000000101001
000000101010
000000101010
000000101010
000000101010
000000101010
000000101011
000000101011
000000101011
000000101011
000000101011
000000101011
000000101100
000000101100
000000101100
000000101100
000000101100
000000101101
000000101101
000000101101
000000101101
000000101101
000000101101
000000101110
000000101110
000000101111
000000101111
000000101111
000000101111
000000101111
000000101111
000000101111
000000110000
000000110000
000000110000
000000110000
000000110000
000000110001
000000110001
000000110001
000000110010
000000110010
000000110010
000000110010
000000110010
000000110010
000000110011
000000110100
000000110100
000000110100
000000110100
000000110100
000000110101
000000110101
000000110101
000000110101
000000110101
000000110110
000000110110
000000110110
000000110111
000000111000
000000111000
000000111000
000000111000
000000111000
000000111000
000000111000
000000111001
000000111010
000000111010
000000111010
000000111010
000000111011
000000111011
000000111011
000000111100
000000111100
000000111101
000000111101
000000111101
000000111101
000000111110
000000111110
000000111110
000000111111
000000111111
000001000000
000001000000
000001000000
000001000001
000001000001
000001000001
000001000010
000001000010
000001000010
000001000011
000001000100
000001000100
000001000100
000001000101
000001000101
000001000101
000001000110
000001000111
000001000111
000001001000
000001001000
000001001001
000001001001
000001001010
000001001010
000001001010
000001001011
000001001100
000001001100
000001001101
000001001101
000001001101
000001001110
000001001111
000001001111
000001010000
000001010000
000001010001
000001010001
000001010010
000001010011
000001010011
000001010011
000001010100
000001010101
000001010101
000001010110
000001010110
000001010111
000001011000
000001011001
000001011001
000001011010
000001011011
000001011100
000001011100
000001011101
000001011101
000001011110
000001011111
000001100000
000001100000
000001100001
000001100010
000001100011
000001100011
000001100100
000001100101
000001100110
000001100111
000001100111
000001101000
000001101001
000001101011
000001101100
000001101100
000001101110
000001101111
000001110000
000001110000
000001110001
000001110010
000001110011
000001110100
000001110101
000001110110
000001110111
000001111001
000001111010
000001111011
000001111100
000001111101
000001111111
000010000000
000010000001
000010000011
000010000100
000010000101
000010000110
000010001000
000010001001
000010001011
000010001100
000010001110
000010001111
000010010001
000010010010
000010010100
000010010101
000010010111
000010011001
000010011011
000010011100
000010011110
000010100000
000010100001
000010100011
000010100101
000010100111
000010101001
000010101010
000010101100
000010101110
000010110000
000010110010
000010110100
000010110110
000010111000
000010111010
000010111100
000010111110
000011000010
000011000010
000011000100
000011000111
000011001001
000011001011
000011001101
000011010000
000011010010
000011010100
000011010111
000011011010
000011011100
000011011110
000011100001
000011100011
000011100110
000011101000
000011101011
000011101101
000011110000
000011110011
000011110110
000011111011
000011111011
000011111110
000100000001
000100000011
000100001001
000100001100
000100001111
000100001111
000100010010
000100010101
000100011000
000100011100
000100011111
000100100010
000100100101
000100101000
000100101011
000100101110
000100110101
000100111000
000100111000
000100111111
000100111111
000101000011
000101000110
000101001001
000101010001
000101010001
000101011000
000101011011
000101011011
000101011111
000101100011
000101100110
000101101010
000101101110
000101110001
000101110110
000101111001
000101111101
000110000001
000110000101
000110001001
000110001101
000110010001
000110010100
000110011001
000110011101
000110100000
000110100101
000110101001
000110101101
000110110001
000110111001
000110111001
000111000010
000111000010
000111000110
000111001111
000111001111
000111010011
000111010111
000111011011
000111011111
000111101001
000111101001
000111101101
000111110001
000111111010
000111111111
000111111111
001000001000
001000001100
001000010000
001000010000
001000010101
001000011110
001000011110
001000100011
001000101000
001000110001
001000110101
001000110101
001000111010
001000111111
001001000011
001001001000
001001010001
001001010110
001001010110
001001011011
001001100000
001001100101
001001101001
001001101110
001001110011
001001110111
001001111100
001010000001
001010001010
001010001010
001010010000
001010010101
001010011010
001010011110
001010100011
001010101000
001010101101
001010110010
001010110111
001010111100
001011000001
001011000101
001011001010
001011001111
001011010101
001011011001
001011011110
001011101000
001011101000
001011110010
001011110111
001011110111
001011111100
001100000001
001100000110
001100001011
001100010000
001100010101
001100011010
001100011111
001100100100
001100101001
001100101110
001100111000
001100111000
001100111100
001101000111
001101000111
001101001100
001101010001
001101010110
001101011011
001101011111
001101100101
001101101001
001101101111
001101110011
001101111001
001110000010
001110000010
001110000111
001110010001
001110010001
001110010110
001110011011
001110100000
001110101010
001110101010
001110101111
001110110100
001110111001
001110111101
001111000011
001111001000
001111001101
001111010001
001111010110
001111011011
001111100101
001111100101
001111101010
001111101111
001111110011
001111111100
001111111100
010000000010
010000000110
010000001100
010000010101
010000010101
010000011001
010000011111
010000100011
010000101000
010000101101
010000110001
010000110110
010000111010
010001000000
010001000100
010001001001
010001001101
010001010010
010001010111
010001011100
010001100000
010001100101
010001101010
010001101110
010001110011
010001110111
010001111100
010010000000
010010000101
010010001010
010010001110
010010010011
010010010111
010010011100
010010100000
010010100101
010010101110
010010101110
010010110010
010010110110
010010111011
010011000000
010011000100
010011001001
010011001101
010011010001
010011010110
010011011010
010011011110
010011100011
010011100111
010011101011
010011101111
010011110100
010011111000
010011111100
010100000000
010100000100
010100001001
010100001101
010100010001
010100010101
010100011001
010100011101
010100100001
010100100101
010100101010
010100101101
010100110010
010100110101
010100111010
010100111101
010101000001
010101000101
010101001001
010101001101
010101010001
010101010101
010101011001
010101011101
010101100000
010101100100
010101101000
010101101100
010101110000
010101110011
010101110111
010101111011
010101111110
010110000010
010110000110
010110001001
010110001101
010110010000
010110010100
010110011000
010110011011
010110011111
010110100011
010110100110
010110101010
010110101101
010110110001
010110110100
010110110111
010110111011
010110111110
010111000010
010111000101
010111001000
010111001100
010111001111
010111010010
010111010110
010111011001
010111011100
010111100000
010111100011
010111100110
010111101010
010111101101
010111101111
010111110011
010111111001
010111111001
010111111111
010111111111
011000000010
011000000101
011000001011
011000001011
011000001110
011000010101
011000010101
011000010111
011000011101
011000011101
011000100000
011000100011
011000100110
011000101100
011000101100
011000101110
011000110100
011000110111
011000110111
011000111001
011000111111
011000111111
011001000010
011001000100
011001000111
011001001010
011001001101
011001001111
011001010010
011001010100
011001010110
011001011001
011001011100
011001011110
011001100000
011001100011
011001100110
011001101000
011001101101
011001101101
011001101111
011001110010
011001110100
011001110110
011001111001
011001111011
011010000000
011010000000
011010000001
011010000100
011010001001
011010001001
011010001010
011010001111
011010001111
011010010001
011010010011
011010010101
011010010111
011010011001
011010011011
011010011101
011010011111
011010100001
011010100011
011010100111
011010101001
011010101001
011010101010
011010101100
011010101111
011010110000
011010110010
011010110100
011010110101
011010110111
011010111001
011010111011
011010111100
011010111110
011010111111
011011000001
011011000011
011011000101
011011000110
011011001000
011011001001
011011001011
011011001100
011011001111
011011001111
011011010001
011011010010
011011010100
011011010101
011011010111
011011011010
011011011010
011011011011
011011011100
011011011101
011011011111
011011100000
011011100001
011011100010
011011100100
011011100101
011011100110
011011100111
011011101000
011011101011
011011101011
011011101100
011011101101
011011101110
011011101111
011011101111
011011110010
011011110010
011011110010
011011110100
011011110101
011011110110
011011110111
011011110111
011011111000
011011111001
011011111010
011011111011
011011111011
011011111101
011011111110
011011111110
011011111110
011011111111
011100000000
011100000000
011100000001
011100000010
011100000011
011100000011
011100000100
011100000100
011100000101
011100000101
011100000101
011100000111
011100000111
011100000111
011100000111
011100001000
011100001000
011100001001
011100001001
011100001001
011100001010
011100001010
011100001010
011100001010
011100001011
011100001011
011100001011
011100001011
011100001011
011100001100
011100001100
011100001100
011100001100
011100001100
011100001100
011100001100
011100001100
011100001100
011100001100
011100001100
011100001100
011100001100
011100001100
011100001100
011100001100
011100001100
011100001100
011100001011
011100001011
011100001011
011100001011
011100001011
011100001010
011100001010
011100001010
011100001010
011100001010
011100001001
011100001001
011100001000
011100001000
011100001000
011100001000
011100000111
011100000111
011100000111
011100000110
011100000110
011100000101
011100000101
011100000101
011100000100
011100000100
011100000100
011100000011
011100000010
011100000010
011100000001
011100000001
011100000000
011100000000
011011111111
011011111110
011011111110
011011111101
011011111101
011011111101
011011111011
011011111011
011011111011
011011111010
011011111001
011011111000
011011111000
011011110111
011011110110
011011110101
011011110101
011011110100
011011110011
011011110010
011011110010
011011110001
011011101111
011011101111
011011101110
011011101101
011011101100
011011101011
011011101010
011011101001
011011100111
011011100111
011011100111
011011100110
011011100101
011011100011
011011100001
011011100000
011011100000
011011011110
011011011110
011011011101
011011011100
011011011010
011011011010
011011011001
011011010111
011011010101
011011010101
011011010010
011011010001
011011010000
011011001110
011011001101
011011001101
011011001010
011011001001
011011001000
011011000110
011011000101
011011000011
011011000010
011011000000
011010111111
011010111101
011010111100
011010111010
011010111000
011010110110
011010110100
011010110011
011010110001
011010101111
011010101101
011010101011
011010101001
011010100111
011010100110
011010100100
011010100010
011010011111
011010011110
011010011011
011010011001
011010010111
011010010100
011010010010
011010010000
011010001110
011010001100
011010001001
011010000110
011010000100
011010000001
011001111110
011001111100
011001111001
011001110110
011001110100
011001110001
011001101110
011001101011
011001101000
011001100101
011001100010
011001011111
011001011011
011001011000
011001010101
011001010001
011001001110
011001001010
011001000111
011001000011
011001000000
011000111100
011000111000
011000110100
011000110000
011000101100
011000101000
011000100100
011000100000
011000011011
011000010111
011000010010
011000001110
011000001010
011000000101
011000000000
010111111011
010111110110
010111110001
010111101100
010111100111
010111100001
010111011100
010111010111
010111010001
010111001100
010111000110
010111000001
010110111011
010110110110
010110101111
010110101010
010110100011
010110011101
010110011000
010110010001
010110001011
010110000101
010101111110
010101111000
010101110010
010101101011
010101100101
010101011110
010101010111
010101010001
010101001010
010101000011
010100111100
010100110101
010100101111
010100100111
010100100001
010100011010
010100010010
010100001100
010100000101
010011111101
010011110110
010011101111
010011101000
010011100001
010011011001
010011010010
010011001011
010011000011
010010111100
010010110101
010010101101
010010100110
010010011110
010010010111
010010001111
010010001000
010010000000
010001111000
010001110001
010001101010
010001100010
010001011010
010001010010
010001001011
010001000011
010000111011
010000110011
010000101100
010000100100
010000011100
010000010100
010000001101
010000000101
001111111101
001111110101
001111101110
001111100110
001111011101
001111010110
001111001110
001111000110
001110111110
001110110110
001110101110
001110100110
001110011110
001110010110
001110001111
001110000110
001101111111
001101110111
001101101111
001101100111
001101011111
001101010111
001101001111
001101000111
001100111111
001100110111
001100101111
001100100111
001100011111
001100010111
001100001111
001100001000
001011111111
001011111000
001011110000
001011101000
001011100000
001011011000
001011010000
001011001000
001011000000
001010111000
001010110000
001010101000
001010100000
001010011000
001010010000
001010001000
001010000001
001001111001
001001110001
001001101001
001001100001
001001011001
001001010001
001001001010
001001000010
001000111010
001000110010
001000101010
001000100011
001000011011
001000010011
001000001011
001000000011
000111111011
000111110100
000111101011
000111100100
000111011100
000111010101
000111001101
000111000101
000110111101
000110110101
000110101110
000110100110
000110011110
000110010110
000110001110
000110000111
000101111111
000101110111
000101110000
000101101000
000101100001
000101011000
000101010001
000101001001
000101000010
000100111010
000100110011
000100101011
000100100011
000100011100
000100010101
000100001101
000100000110
000011111110
000011110110
000011101111
000011101000
000011100000
000011011001
000011010001
000011001010
000011000010
000010111011
000010110100
000010101101
000010100101
000010011110
000010010111
000010001111
000010001000
000010000001
000001111001
000001110010
000001101011
000001100100
000001011101
000001010110
000001001111
000001001000
000001000000
000000111001
000000110010
000000101011
000000100100
000000011101
000000010110
000000001111
000000001000
000000000001
111111111010
111111110100
111111101100
111111100110
111111011110
111111011000
111111010001
111111001010
111111000011
111110111100
111110110110
111110101111
111110101000
111110100001
111110011011
111110010100
111110001101
111110000110
111101111111
111101111001
111101110010
111101101011
111101100101
111101011110
111101010111
111101010000
111101001010
111101000011
111100111100
111100110110
111100101111
111100101001
111100100010
111100011011
111100010100
111100001110
111100000111
111100000000
111011111010
111011110011
111011101101
111011100110
111011011111
111011011000
111011010010
111011001011
111011000100
111010111110
111010110111
111010110001
111010101010
111010100011
111010011100
111010010110
111010001111
111010001001
111010000010
111001111011
111001110101
111001101110
111001100111
111001100001
111001011010
111001010100
111001001101
111001000110
111000111111
111000111001
111000110011
111000101100
111000100101
111000011110
111000011000
111000010010
111000001011
111000000101
110111111110
110111110111
110111110001
110111101011
110111100100
110111011110
110111011000
110111010001
110111001010
110111000100
110110111110
110110110111
110110110001
110110101010
110110100100
110110011110
110110010111
110110010001
110110001011
110110000101
110101111111
110101111001
110101110010
110101101100
110101100110
110101100000
110101011010
110101010100
110101001110
110101000111
110101000001
110100111011
110100110110
110100110000
110100101010
110100100100
110100011110
110100011000
110100010010
110100001100
110100000111
110100000001
110011111011
110011110101
110011101111
110011101001
110011100100
110011011110
110011011000
110011010010
110011001101
110011000111
110011000010
110010111100
110010110110
110010110001
110010101011
110010100110
110010100001
110010011011
110010010101
110010010000
110010001010
110010000101
110010000000
110001111010
110001110101
110001110000
110001101010
110001100101
110001100000
110001011011
110001010101
110001010000
110001001011
110001000101
110001000001
110000111011
110000110110
110000110001
110000101100
110000100111
110000100010
110000011101
110000011000
110000010011
110000001110
110000001000
110000000100
101111111111
101111111010
101111110101
101111110000
101111101011
101111100111
101111100001
101111011100
101111011000
101111010010
101111001110
101111001001
101111000100
101111000000
101110111011
101110110110
101110110001
101110101101
101110101000
101110100011
101110011110
101110011010
101110010101
101110010001
101110001100
101110000111
101110000010
101101111110
101101111001
101101110101
101101110000
101101101011
101101100111
101101100010
101101011110
101101011001
101101010101
101101010000
101101001100
101101000111
101101000011
101100111110
101100111010
101100110110
101100110001
101100101101
101100101000
101100100100
101100011111
101100011011
101100010111
101100010010
101100001110
101100001001
101100000101
101100000001
101011111100
101011111000
101011110100
101011101111
101011101011
101011100110
101011100010
101011011110
101011011010
101011010110
101011010001
101011001101
101011001001
101011000100
101011000000
101010111100
101010111000
101010110100
101010101111
101010101100
101010100111
101010100011
101010011111
101010011011
101010010111
101010010011
101010001110
101010001010
101010000110
101010000010
101001111110
101001111010
101001110110
101001110010
101001101110
101001101010
101001100101
101001100001
101001011101
101001011010
101001010101
101001010010
101001001101
101001001001
101001000110
101001000001
101000111101
101000111001
101000110101
101000110001
101000101101
101000101001
101000100101
101000100001
101000011101
101000011001
101000010101
101000010010
101000001101
101000001001
101000000110
101000000001
100111111110
100111111010
100111110110
100111110010
100111101110
100111101010
100111100110
100111100010
100111011110
100111011010
100111010110
100111010011
100111001110
100111001011
100111000111
100111000011
100110111111
100110111011
100110110111
100110110011
100110110000
100110101011
100110101000
100110100100
100110100000
100110011100
100110011000
100110010101
100110010001
100110001101
100110001010
100110000101
100110000010
100101111110
100101111010
100101110111
100101110011
100101101111
100101101100
100101101000
100101100100
100101100001
100101011101
100101011001
100101010110
100101010010
100101001110
100101001011
100101000111
100101000100
100101000000
100100111100
100100111001
100100110101
100100110010
100100101110
100100101011
100100100111
100100100011
100100100001
100100011101
100100011001
100100010110
100100010011
100100001111
100100001100
100100001000
100100000101
100100000010
100011111110
100011111011
100011111000
100011110101
100011110001
100011101110
100011101011
100011101000
100011100100
100011100001
100011011110
100011011011
100011011000
100011010101
100011010010
100011001111
100011001011
100011001000
100011000110
100011000011
100011000000
100010111101
100010111010
100010110111
100010110100
100010110001
100010101110
100010101011
100010101000
100010100101
100010100011
100010100000
100010011101
100010011011
100010011000
100010010101
100010010010
100010010000
100010001101
100010001010
100010001000
100010000110
100010000011
100010000001
100001111111
100001111100
100001111001
100001111000
100001110101
100001110011
100001110001
100001101111
100001101100
100001101010
100001101000
100001100110
100001100100
100001100010
100001100000
100001011110
100001011100
100001011011
100001011001
100001010111
100001010101
100001010100
100001010010
100001010001
100001001111
100001001110
100001001100
100001001011
100001001010
100001001000
100001000111
100001000110
100001000100
100001000011
100001000010
100001000001
100001000001
100001000000
100000111111
100000111110
100000111101
100000111100
100000111100
100000111011
100000111011
100000111010
100000111001
100000111001
100000111001
100000111000
100000111000
100000111000
100000110111
100000110111
100000110111
100000110111
100000110111
100000110111
100000110111
100000110111
100000110111
100000111000
100000111000
100000111000
100000111001
100000111001
100000111001
100000111010
100000111010
100000111011
100000111011
100000111100
100000111101
100000111101
100000111110
100000111111
100001000000
100001000001
100001000001
100001000010
100001000011
100001000100
100001000101
100001000110
100001001000
100001001001
100001001010
100001001011
100001001100
100001001110
100001001111
100001010001
100001010010
100001010011
100001010101
100001010111
100001011000
100001011010
100001011100
100001011101
100001011111
100001100001
100001100010
100001100101
100001100110
100001101001
100001101010
100001101100
100001101111
100001110001
100001110011
100001110101
100001111000
100001111010
100001111100
100001111111
100010000001
100010000100
100010000110
100010001001
100010001011
100010001110
100010010001
100010010011
100010010110
100010011010
100010011100
100010011111
100010100010
100010100101
100010101000
100010101100
100010101111
100010110010
100010110110
100010111010
100010111101
100011000000
100011000100
100011001000
100011001011
100011001111
100011010010
100011010111
100011011011
100011011110
100011100010
100011100110
100011101010
100011101110
100011110010
100011110111
100011111011
100011111111
100100000011
100100001000
100100001100
100100010001
100100010101
100100011001
100100011110
100100100011
100100100111
100100101100
100100110001
100100110110
100100111010
100100111111
100101000100
100101001001
100101001110
100101010011
100101011000
100101011101
100101100010
100101100111
100101101100
100101110010
100101110111
100101111100
100110000010
100110000111
100110001100
100110010010
100110010111
100110011100
100110100010
100110100111
100110101101
100110110010
100110111000
100110111101
100111000011
100111001000
100111001110
100111010100
100111011010
100111100000
100111100101
100111101011
100111110001
100111110110
100111111100
101000000010
101000001000
101000001110
101000010100
101000011010
101000100000
101000100110
101000101100
101000110010
101000111000
101000111110
101001000100
101001001010
101001010000
101001010110
101001011101
101001100011
101001101001
101001101111
101001110101
101001111100
101010000010
101010001000
101010001110
101010010100
101010011011
101010100001
101010101000
101010101110
101010110100
101010111011
101011000001
101011000111
101011001110
101011010100
101011011011
101011100001
101011101000
101011101110
101011110101
101011111011
101100000001
101100001000
101100001111
101100010101
101100011011
101100100010
101100101001
101100101111
101100110110
101100111100
101101000011
101101001010
101101010000
101101010111
101101011101
101101100011
101101101010
101101110001
101101110111
101101111110
101110000100
101110001011
101110010001
101110011000
101110011110
101110100101
101110101011
101110110001
101110111000
101110111110
101111000101
101111001100
101111010010
101111011000
101111011111
101111100101
101111101011
101111110010
101111111000
101111111111
110000000101
110000001011
110000010001
110000010111
110000011101
110000100100
110000101010
110000110000
110000110111
110000111101
110001000011
110001001001
110001001111
110001010101
110001011011
110001100001
110001100111
110001101101
110001110011
110001111001
110001111111
110010000101
110010001010
110010010000
110010010110
110010011100
110010100010
110010101000
110010101101
110010110011
110010111001
110010111111
110011000100
110011001010
110011001111
110011010101
110011011011
110011100000
110011100110
110011101011
110011110001
110011110111
110011111100
110100000001
110100000111
110100001101
110100010010
110100010111
110100011100
110100100010
110100101000
110100101100
110100110010
110100110111
110100111100
110101000010
110101000111
110101001100
110101010001
110101010111
110101011100
110101100001
110101100110
110101101011
110101110000
110101110110
110101111010
110101111111
110110000100
110110001001
110110001111
110110010011
110110011000
110110011101
110110100010
110110100111
110110101100
110110110000
110110110101
110110111010
110110111111
110111000100
110111001000
110111001101
110111010010
110111010110
110111011010
110111011111
110111100011
110111101000
110111101101
110111110001
110111110101
110111111001
110111111110
111000000011
111000000110
111000001011
111000001111
111000010011
111000010111
111000011011
111000100000
111000100011
111000101000
111000101011
111000101111
111000110011
111000111000
111000111011
111000111111
111001000011
111001000111
111001001011
111001001110
111001010010
111001010110
111001011001
111001011101
111001100000
111001100100
111001100111
111001101011
111001101111
111001110010
111001110110
111001111001
111001111100
111010000000
111010000011
111010000110
111010001010
111010001101
111010010000
111010010011
111010010110
111010011001
111010011100
111010011111
111010100010
111010100101
111010101000
111010101011
111010101110
111010110001
111010110100
111010110111
111010111010
111010111100
111010111111
111011000010
111011000100
111011000111
111011001010
111011001100
111011001111
111011010001
111011010100
111011010110
111011011001
111011011011
111011011110
111011100000
111011100010
111011100100
111011100111
111011101001
111011101011
111011101101
111011110000
111011110001
111011110011
111011110110
111011110111
111011111010
111011111011
111011111101
111011111111
111100000001
111100000011
111100000101
111100000111
111100001000
111100001010
111100001011
111100001101
111100001111
111100010001
111100010010
111100010100
111100010110
111100010111
111100011000
111100011010
111100011011
111100011100
111100011110
111100011111
111100100001
111100100010
111100100011
111100100100
111100100110
111100100111
111100101000
111100101001
111100101011
111100101100
111100101100
111100101110
111100101111
111100110000
111100110001
111100110010
111100110011
111100110100
111100110101
111100110110
111100110111
111100110111
111100111001
111100111001
111100111010
111100111011
111100111100
111100111100
111100111101
111100111110
111100111111
111100111111
111101000000
111101000001
111101000001
111101000010
111101000011
111101000100
111101000100
111101000101
111101000101
111101000110
111101000111
111101000111
111101000111
111101001000
111101001001
111101001001
111101001010
111101001010
111101001010
111101001011
111101001011
111101001100
111101001100
111101001101
111101001101
111101001101
111101001110
111101001110
111101001111
111101001111
111101010000
111101010000
111101010000
111101010000
111101010001
111101010001
111101010001
111101010010
111101010010
111101010010
111101010010
111101010011
111101010011
111101010011
111101010011
111101010100
111101010100
111101010100
111101010100
111101010101
111101010101
111101010101
111101010101
111101010101
111101010101
111101010110
111101010110
111101010110
111101010110
111101010110
111101010110
111101010110
111101010111
111101010111
111101010111
111101010111
111101010111
111101010111
111101010111
111101010111
111101010111
111101010111
111101010111
111101011000
111101011000
111101011000
111101011000
111101011000
111101011000
111101011000
111101011000
111101011000
111101011000
111101011000
111101011000
111101011000
111101011000
111101011000
111101011000
111101011000
111101011000
111101011000
111101011000
111101011000
111101011000
111101011000
111101011000
111101011000
111101011000
111101011000
111101011000
111101011000
111101011000
111101010111
111101010111
111101010111
111101010111
111101010111
111101010111
111101010111
111101010111
111101010111
111101010111
111101010110
111101010110
111101010110
111101010110
111101010110
111101010110
111101010110
111101010110
111101010101
111101010101
111101010101
111101010101
111101010101
111101010101
111101010100
111101010100
111101010100
111101010100
111101010100
111101010011
111101010011
111101010011
111101010011
111101010011
111101010010
111101010010
111101010010
111101010010
111101010010
111101010010
111101010010
111101010001
111101010001
111101010001
111101010001
111101010001
111101010000
111101010000
111101010000
111101010000
111101010000
111101010000
111101010000
111101010000
111101010000
111101010000
111101010000
111101001111
111101001111
111101001111
111101001111
111101001111
111101001111
111101001111
111101001111
111101001111
111101001111
111101001111
111101001111
111101001111
111101001111
111101001111
111101001111
111101001111
111101001111
111101001111
111101001111
111101001111
111101001111
111101010000
111101010000
111101010000
111101010000
111101010000
111101010000
111101010000
111101010000
111101010000
111101010001
111101010001
111101010001
111101010010
111101010010
111101010010
111101010010
111101010010
111101010011
111101010011
111101010011
111101010100
111101010100
111101010100
111101010101
111101010101
111101010101
111101010110
111101010110
111101010111
111101010111
111101010111
111101011000
111101011000
111101011001
111101011001
111101011010
111101011010
111101011011
111101011100
111101011100
111101011101
111101011101
111101011110
111101011111
111101011111
111101100000
111101100000
111101100001
111101100010
111101100010
111101100011
111101100100
111101100101
111101100110
111101100111
111101101000
111101101000
111101101001
111101101010
111101101011
111101101100
111101101101
111101101110
111101101111
111101110000
111101110001
111101110010
111101110011
111101110100
111101110101
111101110110
111101110111
111101111001
111101111010
111101111011
111101111100
111101111101
111101111111
111110000000
111110000001
111110000010
111110000100
111110000101
111110000110
111110001000
111110001001
111110001010
111110001100
111110001101
111110001111
111110010000
111110010010
111110010011
111110010101
111110010110
111110011000
111110011001
111110011011
111110011100
111110011110
111110011111
111110100001
111110100011
111110100100
111110100110
111110100111
111110101001
111110101011
111110101101
111110101110
111110110000
111110110010
111110110011
111110110110
111110110111
111110111001
111110111011
111110111101
111110111111
111111000000
111111000010
111111000100
111111000110
111111001000
111111001010
111111001011
111111001110
111111010000
111111010001
111111010100
111111010101
111111011000
111111011001
111111011011
111111011101
111111100000
111111100001
111111100100
111111100110
111111101000
111111101001
111111101100
111111101110
111111110000
111111110010
111111110100
111111110110
111111111001
111111111010
111111111100
111111111110
000000000001
000000000011
000000000101
000000000111
000000001001
000000001011
000000001110
000000001111
000000010010
000000010100
000000010110
000000011000
000000011010
000000011100
000000011110
000000100000
000000100010
000000100100
000000100110
000000101000
000000101011
000000101100
000000101111
000000110000
000000110010
000000110101
000000110111
000000111000
000000111011
000000111101
000000111110
000001000000
000001000010
000001000100
000001000111
000001001000
000001001010
000001001100
000001001110
000001010000
000001010010
000001010011
000001010101
000001010111
000001011001
000001011011
000001011101
000001011110
000001100000
000001100010
000001100011
000001100101
000001100111
000001101000
000001101010
000001101100
000001101101
000001101111
000001110000
000001110010
000001110100
000001110101
000001110111
000001111000
000001111010
000001111011
000001111101
000001111110
000010000000
000010000001
000010000011
000010000100
000010000110
000010000110
000010001000
000010001001
000010001011
000010001100
000010001101
000010001111
000010010000
000010010001
000010010010
000010010100
000010010101
000010010110
000010010111
000010011000
000010011010
000010011011
000010011100
000010011101
000010011110
000010011111
000010100000
000010100001
000010100010
000010100011
000010100100
000010100101
000010100110
000010100111
000010101000
000010101001
000010101010
000010101011
000010101011
000010101100
000010101101
000010101110
000010101111
000010101111
000010110000
000010110001
000010110001
000010110010
000010110011
000010110011
000010110100
000010110101
000010110110
000010110110
000010110111
000010110111
000010111000
000010111001
000010111001
000010111001
000010111010
000010111010
000010111011
000010111011
000010111100
000010111100
000010111100
000010111101
000010111101
000010111110
000010111110
000010111110
000010111111
000010111111
000010111111
000010111111
000010111111
000011000000
000011000000
000011000000
000011000000
000011000000
000011000001
000011000001
000011000001
000011000001
000011000001
000011000001
000011000001
000011000001
000011000001
000011000001
000011000001
000011000001
000011000001
000011000001
000011000001
000011000001
000011000001
000011000001
000011000001
000011000000
000011000000
000011000000
000011000000
000011000000
000010111111
000010111111
000010111111
000010111111
000010111111
000010111111
000010111110
000010111110
000010111110
000010111101
000010111101
000010111101
000010111100
000010111100
000010111100
000010111100
000010111011
000010111011
000010111010
000010111010
000010111001
000010111001
000010111001
000010111000
000010111000
000010110111
000010110111
000010110110
000010110110
000010110110
000010110101
000010110101
000010110100
000010110100
000010110011
000010110011
000010110010
000010110010
000010110001
000010110000
000010110000
000010110000
000010101111
000010101110
000010101110
000010101101
000010101101
000010101100
000010101100
000010101011
000010101010
000010101010
000010101001
000010101001
000010101000
000010100111
000010100111
000010100110
000010100110
000010100101
000010100100
000010100011
000010100011
000010100010
000010100001
000010100001
000010100000
000010011111
000010011110
000010011110
000010011101
000010011100
000010011100
000010011011
000010011010
000010011001
000010011001
000010011000
000010010111
000010010110
000010010101
000010010101
000010010100
000010010011
000010010010
000010010010
000010010001
000010010000
000010001111
000010001110
000010001101
000010001100
000010001100
000010001011
000010001010
000010001001
000010001001
000010000111
000010000110
000010000110
000010000101
000010000100
000010000011
000010000010
000010000001
000010000001
000010000000
000001111111
000001111110
000001111101
000001111100
000001111011
000001111010
000001111010
000001111001
000001111000
000001110111
000001110110
000001110101
000001110100
000001110011
000001110010
000001110001
000001110000
000001110000
000001101111
000001101110
000001101101
000001101100
000001101011
000001101010
000001101001
000001101000
000001101000
000001100111
000001100110
000001100101
000001100100
000001100011
000001100010
000001100010
000001100001
000001100000
000001011111
000001011110
000001011101
000001011100
000001011011
000001011011
000001011010
000001011001
000001011000
000001010111
000001010110
000001010101
000001010101
000001010100
000001010011
000001010010
000001010001
000001010000
000001010000
000001001111
000001001110
000001001101
000001001100
000001001011
000001001010
000001001010
000001001001
000001001000
000001000111
000001000111
000001000101
000001000101
000001000100
000001000011
000001000010
000001000001
000001000001
000001000000
000000111111
000000111110
000000111110
000000111101
000000111100
000000111100
000000111011
000000111010
000000111010
000000111000
000000111000
000000111000
000000110111
000000110101
000000110101
000000110101
000000110100
000000110011
000000110010
000000110010
000000110001
000000110000
000000110000
000000101111
000000101111
000000101101
000000101101
000000101100
000000101100
000000101011
000000101011
000000101010
000000101001
000000101001
000000101000
000000101000
000000100111
000000100111
000000100110
000000100101
000000100101
000000100100
000000100100
000000100011
000000100011
000000100010
000000100010
000000100001
000000100000
000000100000
000000100000
000000011111
000000011111
000000011110
000000011101
000000011101
000000011101
000000011100
000000011100
000000011100
000000011011
000000011010
000000011010
000000011010
000000011001
000000011001
000000011000
000000011000
000000011000
000000010111
000000010111
000000010111
000000010111
000000010110
000000010110
000000010101
000000010100
000000010100
000000010100
000000010100
000000010100
000000010100
000000010011
000000010011
000000010010
000000010010
000000010010
000000010010
000000010001
000000010001
000000010001
000000010000
000000010000
000000010000
000000001111
000000001111
000000001111
000000001111
000000001111
000000001110
000000001110
000000001110
000000001110
000000001110
000000001110
000000001110
000000001101
000000001101
000000001100
000000001100
000000001100
000000001100
000000001100
000000001100
000000001100
000000001100
000000001100
000000001011
000000001011
000000001011
000000001011
000000001011
000000001011
000000001011
000000001011
000000001011
000000001010
000000001010
000000001010
000000001010
000000001010
000000001010
000000001010
000000001010
000000001010
000000001010
000000001010
000000001010
000000001010
000000001010
000000001010
000000001010
000000001010
000000001001
000000001001
000000001001
000000001001
000000001001
000000001001
000000001001
000000001001
000000001001
000000001001
000000001001
000000001001
000000001001
000000001001
000000001001
000000001001
000000001001
000000001001
000000001001
000000001001
000000001001
000000001001
000000001001
000000001001
000000001001
000000001001
000000001001
000000001001
000000001001
000000001001
000000001001
000000001001
000000001001
000000001001
000000001001
000000001001
000000001001
000000001001
000000001001
000000001001
000000001001
000000001001
000000001001
000000001001
000000001001
000000001001
000000001001
000000001001
000000001001
000000001001
000000001001
000000001001
000000001001
000000001001
000000001010
000000001010
000000001010
000000001010
000000001010
000000001010
000000001010
000000001010
000000001010
000000001010
000000001010
000000001010
000000001010
000000001010
000000001010
000000001010
000000001010
000000001010
000000001010
000000001010
000000001010
000000001010
000000001010
000000001010
000000001010
000000001010
000000001011
000000001011
000000001011
000000001011
000000001011
000000001011
000000001011
000000001011
000000001011
000000001011
000000001011
000000001011
000000001011
000000001011
000000001011
000000001011
000000001011
000000001100
000000001100
000000001100
000000001100
000000001100
000000001100
000000001100
000000001100
000000001100
000000001100
000000001100
000000001100
000000001100
000000001100
000000001100
000000001100
000000001100
000000001100
000000001100
000000001100
000000001100
000000001100
000000001100
000000001100
000000001100
000000001101
000000001101
000000001101
000000001101
000000001101
000000001101
000000001101
000000001101
000000001101
000000001101
000000001101
000000001101
000000001101
000000001110
000000001110
000000001110
000000001110
000000001110
000000001110
000000001110
000000001110
000000001110
000000001110
000000001110
000000001110
000000001110
000000001110
000000001110
000000001110
000000001110
000000001110
000000001110
000000001110
000000001110
000000001110
000000001110
000000001110
000000001110
000000001110
000000001110
000000001110
000000001110
000000001110
000000001110
000000001110
000000001110
000000001110
000000001110
000000001110
000000001110
000000001110
000000001110
000000001110
000000001110
000000001110
000000001110
000000001110
000000001110
000000001110
000000001110
000000001110
000000001110
000000001110
000000001111
000000001111
000000001111
000000001111
000000001111
000000001111
000000001111
000000001111
000000001111
000000001111
000000001111
000000001111
000000001111
000000001111
000000001111
000000001111
000000001111
000000001111
000000001111
000000001111
000000001111
000000001111
000000001111
000000001111
000000001111
000000001111
000000001111
000000001111
000000001111
000000001111
000000001111
000000001111
000000001111
000000010000
000000010000
000000010000
000000010000
000000010000
000000010000
000000010000
000000010000
000000010000
000000010000
000000010000
000000010000
000000010000
000000010000
000000010000
000000010000
000000010000
000000010000
000000010000
000000010000
000000010000
000000010000
000000010000
000000010000
000000010000
000000010000
000000010000
000000010000
000000010000
000000010000
000000010000
000000010000
000000010000
000000010000
000000010000
000000010000
000000010001
000000010001
000000010001
000000010001
000000010001
000000010001
000000010001
000000010001
000000010001
000000010001
000000010001
000000010001
000000010001
000000010001
000000010001
000000010001
000000010001
000000010001
000000010001
000000010001
000000010001
000000010001
000000010001
000000010001
000000010001
000000010001
000000010001
000000010001
000000010001
000000010001
000000010001
000000010001
000000010001
000000010001
000000010001
000000010001
000000010001
000000010001
000000010001
000000010001
000000010001
000000010010
000000010010
000000010010
000000010010
000000010010
000000010010
000000010010
000000010010
000000010010
000000010010
000000010010
000000010010
000000010010
000000010010
000000010010
000000010010
000000010010
000000010010
000000010010
000000010010
000000010010
000000010010
000000010010
000000010010
000000010010
000000010010
000000010010
000000010010
000000010010
000000010010
000000010010
000000010010
000000010010
000000010010
000000010010
000000010010
000000010010
000000010010
000000010010
000000010010
000000010010
000000010010
000000010010
000000010010
000000010010
000000010010
000000010010
000000010010
000000010010
000000010010
000000010010
000000010010
000000010010
000000010010
000000010010
000000010010
000000010011
000000010011
000000010011
000000010011
000000010011
000000010011
000000010011
000000010011
000000010011
000000010011
000000010011
000000010011
000000010011
000000010011
000000010011
000000010011
000000010011
000000010011
000000010011
000000010011
000000010011
000000010011
000000010011
000000010011
000000010011
000000010011
000000010011
000000010011
000000010011
000000010011
000000010011
000000010011
000000010011
000000010011
000000010011
000000010011
000000010011
000000010011
000000010011
000000010011
000000010011
000000010011
000000010011
000000010011
000000010011
000000010011
000000010011
000000010011
000000010011
000000010011
000000010011
000000010011
000000010011
000000010011
000000010011
000000010011
000000010011
000000010011
000000010011
000000010011
000000010011
000000010011
000000010011
000000010011
000000010011
000000010011
000000010011
000000010011
000000010011
000000010011
000000010011
000000010011
000000010011
000000010011
000000010011
000000010011
000000010011
000000010011
000000010011
000000010011
000000010011
000000010011
000000010011
000000010011
000000010011
000000010011
000000010011
000000010011
000000010011
000000010011
000000010011
000000010011
000000010011
000000010011
000000010011
000000010011
000000010011
000000010011
000000010011
000000010011
000000010011
000000010011
000000010011
000000010011
000000010011
000000010011
000000010011
000000010011
000000010011
000000010011
000000010011
000000010011
000000010011
000000010010
000000010010
000000010010
000000010010
000000010010
000000010010
000000010010
000000010010
000000010010
000000010010
000000010010
000000010010
000000010010
000000010010
000000010010
000000010010
000000010010
000000010010
000000010010
000000010010
000000010010
000000010010
000000010010
000000010010
000000010010
000000010010
000000010010
000000010010
000000010010
000000010010
000000010010
000000010010
000000010010
000000010010
000000010010
000000010010
000000010010
000000010010
000000010010
000000010010
000000010010
000000010010
000000010010
000000010010
000000010010
000000010010
000000010010
000000010010
000000010010
000000010010
000000010010
000000010010
000000010010
000000010010
000000010010
000000010010
000000010010
000000010010
000000010010
000000010010
000000010010
000000010010
000000010010
000000010010
000000010010
000000010010
000000010010
000000010010
000000010010
000000010010
000000010010
000000010010
000000010010
000000010010
000000010010
000000010010
000000010010
000000010010
000000010010
000000010010
000000010010
000000010010
000000010010
000000010010
000000010010
000000010010
000000010010
000000010010
000000010010
000000010010
000000010010
000000010010
000000010010
000000010010
000000010010
000000010010
000000010010
000000010010
000000010001
000000010001
000000010001
000000010001
000000010001
000000010001
000000010001
000000010001
000000010001
000000010001
000000010001
000000010001
000000010001
000000010001
000000010001
000000010001
000000010001
000000010001
000000010001
000000010001
000000010001
000000010001
000000010001
000000010001
000000010001
000000010001
000000010001
000000010001
000000010001
000000010001
000000010001
000000010001
000000010001
000000010001
000000010001
000000010001
000000010001
000000010001
000000010000
000000010000
000000010000
000000010000
000000010000
000000010000
000000010000
000000010000
000000010000
000000010000
000000010000
000000010000
000000010000
000000010000
000000010000
000000010000
000000010000
000000010000
000000010000
000000010000
000000010000
000000010000
000000010000
000000010000
000000010000
000000010000
000000010000
000000010000
000000010000
000000010000
000000010000
000000010000
000000010000
000000010000
000000010000
000000010000
000000010000
000000001111
000000001111
000000001111
000000001111
000000001111
000000001111
000000001111
000000001111
000000001111
000000001111
000000001111
000000001111
000000001111
000000001111
000000001111
000000001111
000000001111
000000001111
000000001111
000000001111
000000001111
000000001111
000000001111
000000001111
000000001111
000000001111
000000001111
000000001111
000000001111
000000001111
000000001111
000000001111
000000001111
000000001111
000000001111
000000001111
000000001110
000000001110
000000001110
000000001110
000000001110
000000001110
000000001110
000000001110
000000001110
000000001110
000000001110
000000001110
000000001110
000000001110
000000001110
000000001110
000000001110
000000001110
000000001110
000000001110
000000001110
000000001110
000000001110
000000001110
000000001110
000000001110
000000001110
000000001110
000000001110
000000001110
000000001110
000000001110
000000001110
000000001110
000000001110
000000001110
000000001110
000000001110
000000001110
000000001110
000000001101
000000001101
000000001101
000000001101
000000001101
000000001101
000000001101
000000001101
000000001101
000000001101
000000001101
000000001101
000000001101
000000001101
000000001101
000000001100
000000001100
000000001100
000000001100
000000001100
000000001100
000000001100
000000001100
000000001100
000000001100
000000001100
000000001100
000000001100
000000001100
000000001100
000000001100
000000001100
000000001100
000000001100
000000001100
000000001100
000000001100
000000001100
000000001100
000000001100
000000001100
000000001100
000000001100
000000001100
000000001100
000000001100
000000001100
000000001100
000000001100
000000001011
000000001011
000000001011
000000001011
000000001011
000000001011
000000001011
000000001011
000000001011
000000001011
000000001011
000000001011
000000001011
000000001011
000000001011
000000001011
000000001011
000000001011
000000001011
000000001011
000000001011
000000001011
000000001011
000000001010
000000001010
000000001010
000000001010
000000001010
000000001010
000000001010
000000001010
000000001010
000000001010
000000001010
000000001010
000000001010
000000001010
000000001010
000000001010
000000001010
000000001010
000000001010
000000001010
000000001010
000000001010
000000001010
000000001010
000000001010
000000001010
000000001010
000000001010
000000001001
000000001001
000000001001
000000001001
000000001001
000000001001
000000001001
000000001001
000000001001
000000001001
000000001001
000000001001
000000001001
000000001001
000000001001
000000001001
000000001001
000000001001
000000001001
000000001001
000000001001
000000001000
000000001000
000000001000
000000001000
000000001000
000000001000
000000001000
000000001000
000000001000
000000001000
000000001000
000000001000
000000001000
000000001000
000000001000
000000001000
000000001000
000000001000
000000001000
000000000111
000000000111
000000000111
000000000111
000000000111
000000000111
000000000111
000000000111
000000000111
000000000111
000000000111
000000000111
000000000111
000000000111
000000000111
000000000111
000000000111
000000000111
000000000111
000000000111
000000000111
000000000111
000000000111
000000000111
000000000111
000000000111
000000000111
000000000111
000000000111
000000000110
000000000110
000000000110
000000000110
000000000110
000000000110
000000000110
000000000110
000000000110
000000000110
000000000110
000000000110
000000000110
000000000110
000000000110
000000000101
000000000101
000000000101
000000000101
000000000101
000000000101
000000000101
000000000101
000000000101
000000000101
000000000101
000000000101
000000000101
000000000101
000000000101
000000000101
000000000101
000000000101
000000000101
000000000101
000000000101
000000000100
000000000100
000000000100
000000000100
000000000100
000000000100
000000000100
000000000100
000000000100
000000000100
000000000100
000000000100
000000000100
000000000100
000000000100
000000000100
000000000100
000000000011
000000000011
000000000011
000000000011
000000000011
000000000011
000000000011
000000000011
000000000011
000000000011
000000000011
000000000011
000000000010
000000000010
000000000010
000000000010
000000000010
000000000010
000000000010
000000000010
000000000010
000000000010
000000000010
000000000010
000000000010
000000000010
000000000010
000000000010
000000000010
000000000010
000000000010
000000000010
000000000001
000000000001
000000000001
000000000001
000000000001
000000000001
000000000001
000000000001
000000000001
000000000001
000000000001
000000000000
000000000000
000000000000
000000000000
000000000000
000000000000
000000000000
000000000000
000000000000
000000000000
000000000000
000000000000
111111111111
111111111111
111111111111
111111111111
111111111111
111111111111
111111111111
111111111111
111111111111
111111111111
111111111111
111111111111
111111111111
111111111110
111111111110
111111111110
111111111110
111111111110
111111111110
111111111110
111111111110
111111111110
111111111110
111111111110
111111111110
111111111110
111111111110
111111111110
111111111110
111111111110
111111111110
111111111110
111111111101
111111111101
111111111101
111111111101
111111111101
111111111101
111111111101
111111111101
111111111101
111111111101
111111111101
111111111101
111111111100
111111111100
111111111100
111111111100
111111111100
111111111100
111111111100
111111111100
111111111100
111111111100
111111111100
111111111100
111111111100
111111111100
111111111100
111111111100
111111111011
111111111011
111111111011
111111111011
111111111011
111111111011
111111111011
111111111011
111111111011
111111111011
111111111011
111111111011
111111111011
111111111011
111111111010
111111111010
111111111010
111111111010
111111111010
111111111010
111111111010
111111111010
111111111010
111111111010
111111111010
111111111010
111111111010
111111111010
111111111001
111111111001
111111111001
111111111001
111111111001
111111111001
111111111001
111111111001
111111111001
111111111001
111111111001
111111111001
111111111001
111111111001
111111111001
111111111001
111111111001
111111111001
111111111001
111111111001
111111111001
111111111001
111111111001
111111111001
111111111001
111111111000
111111111000
111111111000
111111111000
111111111000
111111111000
111111111000
111111111000
111111111000
111111111000
111111111000
111111111000
111111111000
111111111000
111111111000
111111111000
111111111000
111111111000
111111111000
111111111000
111111110111
111111110111
111111110111
111111110111
111111110111
111111110111
111111110111
111111110111
111111110111
111111110111
111111110111
111111110111
111111110111
111111110111
111111110111
111111110111
111111110111
111111110111
111111110111
111111110111
111111110111
111111110111
111111110111
111111110111
111111110111
111111110111
111111110111
111111110110
111111110110
111111110110
111111110110
111111110110
111111110110
111111110110
111111110110
111111110110
111111110110
111111110110
111111110110
111111110110
111111110110
111111110110
111111110110
111111110110
111111110110
111111110110
111111110110
111111110110
111111110110
111111110110
111111110110
111111110110
111111110110
111111110110
111111110110
111111110110
111111110110
111111110110
111111110110
111111110110
111111110110
111111110110
111111110110
111111110110
111111110110
111111110110
111111110110
111111110110
111111110110
111111110110
111111110110
111111110110
111111110110
111111110110
111111110110
111111110110
111111110110
111111110110
111111110110
111111110110
111111110110
111111110110
111111110101
111111110101
111111110101
111111110101
111111110101
111111110101
111111110101
111111110101
111111110101
111111110101
111111110101
111111110101
111111110101
111111110101
111111110101
111111110101
111111110101
111111110101
111111110101
111111110101
111111110101
111111110101
111111110101
111111110101
111111110101
111111110101
111111110101
111111110101
111111110101
111111110101
111111110101
111111110101
111111110101
111111110101
111111110101
111111110101
111111110101
111111110101
111111110101
111111110101
111111110101
111111110101
111111110101
111111110101
111111110101
111111110101
111111110101
111111110101
